image_width: 1280
image_height: 800
camera_name: camera
camera_matrix:
  rows: 3
  cols: 3
  data: [1114.634653, 0.000000, 765.586246, 0.000000, 1131.065130, 383.136048, 0.000000, 0.000000, 1.000000]
distortion_model: plumb_bob
distortion_coefficients:
  rows: 1
  cols: 5
  data: [0.195794, -0.156059, -0.017248, 0.040464, 0.000000]
rectification_matrix:
  rows: 3
  cols: 3
  data: [0.973881, 0.029605, -0.225119, -0.033556, 0.999342, -0.013741, 0.224564, 0.020937, 0.974234]
projection_matrix:
  rows: 3
  cols: 4
  data: [1448.392292, 0.000000, 1209.855446, -49.733615, 0.000000, 1448.392292, 366.286732, 0.000000, 0.000000, 0.000000, 1.000000, 0.000000]
