image_width: 1280
image_height: 800
camera_name: camera
camera_matrix:
  rows: 3
  cols: 3
  data: [1085.556079, 0.000000, 667.222991, 0.000000, 1109.002793, 392.283563,
0.000000, 0.000000, 1.000000]
distortion_model: plumb_bob
distortion_coefficients:
  rows: 1
  cols: 5
  data: [0.203308, -0.579316, 0.004458, 0.000224, 0.000000]
rectification_matrix:
  rows: 3
  cols: 3
  data: [0.946622, 0.048134, -0.318731, -0.042488, 0.998793, 0.024648, 0.319533, -0.009790, 0.947525]
projection_matrix:
  rows: 3
  cols: 4
  data: [1448.392292, 0.000000, 1209.855446, 0.000000, 0.000000, 1448.392292, 366.286732, 0.000000, 0.000000, 0.000000, 1.000000, 0.000000]
