image_width: 640
image_height: 480
camera_name: camera
camera_matrix:
  rows: 3
  cols: 3
  data: [580.184916424301, 0, 336.209388461235, 0, 580.699767606387, 238.160328017395, 0, 0, 1]
distortion_model: plumb_bob
distortion_coefficients:
  rows: 1
  cols: 5
  data: [0.0180977643643319, -0.139567602464112, 0.00655997741882705, -0.00366516532127382, 0]
rectification_matrix:
  rows: 3
  cols: 3
  data: [0.989830212160252, 0.0254880124456147, -0.139951821411377, -0.0251163370155448, 0.999674756564607, 0.00442161762426473, 0.140019001245229, -0.00086157359860999, 0.990148441892034]
projection_matrix:
  rows: 3
  cols: 4
  data: [663.773712917099, 0, 437.713039398193, 20.0148116344838, 0, 663.773712917099, 246.027540206909, 0, 0, 0, 1, 0]