image_width: 640
image_height: 480
camera_name: camera
camera_matrix:
  rows: 3
  cols: 3
  data: [588.77600292962, 0, 325.304775104851, 0, 589.725400438144, 251.666299646641, 0, 0, 1]
distortion_model: plumb_bob
distortion_coefficients:
  rows: 1
  cols: 5
  data: [-5.85482800405265e-05, -0.0397532688414412, 0.00340007304746801, -0.00437079464890845, 0]
rectification_matrix:
  rows: 3
  cols: 3
  data: [0.989935930725836, 0.0219391652231192, -0.139805314946484, -0.0223102746380464, 0.999750503271285, -0.00108759109377478, 0.139746573137046, 0.00419574047397969, 0.99017841375094]
projection_matrix:
  rows: 3
  cols: 4
  data: [663.773712917099, 0, 437.713039398193, 0, 0, 663.773712917099, 246.027540206909, 0, 0, 0, 1, 0]